17 14 44 3 43 90 39 80 38 18 75 
4 43 50 85 34 52 90 83 90 19 
35 28 69 91 82 62 0 18 43 12 
80 46 71 1 80 58 31 3 52 26 
62 6 50 71 63 29 50 16 33 18 
65 59 94 68 46 69 97 42 53 30 
41 68 53 45 28 41 27 37 23 70 
96 21 75 39 70 76 87 62 54 54 
11 26 71 8 87 18 14 97 30 93 
34 54 68 72 79 19 54 85 76 14 
77 11 88 58 74 41 80 79 26 0 
9 76 37 66 28 84 8 56 49 99 
86 59 31 66 100 32 2 89 38 19 
70 44 89 8 50 25 23 54 78 41 
7 44 97 37 62 40 75 20 2 48 
31 89 61 34 78 1 84 27 22 8 
79 78 15 93 15 24 87 20 95 38 
39 25 81 61 53 88 43 0 82 44 
6 57 17 54 51 96 6 79 8 2 
22 74 87 73 84 36 80 13 28 38 
99 63 1 18 82 85 45 23 43 11 
76 86 40 66 26 100 8 9 85 89 
72 77 30 98 54 48 49 11 27 60 
41 65 13 72 85 81 72 26 44 39 
91 20 63 51 72 39 1 84 98 21 
51 41 84 74 47 37 48 82 52 3 
31 99 58 91 49 52 74 55 88 95 
50 75 57 15 58 42 81 61 86 7 
22 49 84 0 92 30 79 42 75 47 
63 20 14 91 35 92 73 36 89 59 
27 36 14 99 41 57 87 32 10 7 
94 84 35 59 36 61 47 22 1 50 
76 73 36 37 77 40 24 46 82 31 
2 100 42 90 86 30 44 27 7 61 
46 39 10 4 51 48 62 64 64 63 
9 69 20 36 75 18 75 97 33 10 
91 46 13 23 22 82 93 48 25 32 
69 65 26 63 29 75 37 75 97 3 
7 16 76 17 44 34 15 40 28 42 
27 65 79 27 22 6 30 3 33 8 
32 99 90 28 41 70 39 46 75 52 
30 31 54 21 19 9 8 56 89 38 
25 100 75 6 92 93 75 15 63 85 
8 96 81 12 80 48 69 62 27 4 
89 17 12 4 65 50 72 27 59 98 
71 54 43 74 86 40 11 92 25 67 
70 82 71 82 9 37 17 88 28 60 
84 97 63 78 36 65 60 89 79 75 
28 91 84 23 51 48 45 40 33 0 
38 25 99 30 36 70 1 77 20 75 
54 59 96 86 59 11 62 58 25 78 
29 81 21 35 37 72 55 12 1 24 
68 16 91 95 40 86 4 64 68 58 
62 94 91 70 5 44 44 70 85 10 
10 99 8 37 45 74 42 83 5 47 
36 13 36 38 25 0 61 57 78 50 
4 84 82 31 78 82 14 81 87 25 
73 32 64 32 74 65 83 82 68 85 
9 24 51 15 67 100 19 65 23 44 
31 79 41 57 31 3 44 27 14 56 
53 60 85 44 53 12 44 29 64 14 
44 81 48 89 73 31 89 33 87 36 
69 32 19 73 38 46 26 18 65 13 
93 73 50 61 39 78 82 64 26 69 
42 26 51 15 3 6 30 60 56 61 
19 86 21 43 15 77 39 94 65 36 
45 28 82 15 3 0 35 65 78 81 
78 54 55 34 74 0 3 3 60 77 
16 29 91 53 89 4 35 17 27 13 
51 77 80 17 69 100 49 0 95 37 
84 79 13 31 15 1 50 27 78 89 
81 26 32 16 41 91 61 14 66 58 
7 90 32 84 30 34 5 18 100 21 
56 95 30 80 87 24 94 57 98 65 
60 10 13 57 99 79 37 57 62 91 
78 84 60 21 97 40 48 76 87 10 
80 8 1 8 60 83 19 92 84 46 
66 35 10 33 52 33 87 16 5 93 
67 45 38 86 50 24 77 91 74 87 
16 4 99 72 3 3 68 21 16 55 
16 0 80 77 33 62 7 88 14 85 
95 2 41 48 98 40 1 39 69 52 
13 22 74 85 88 72 18 98 64 86 
80 56 84 77 65 16 15 15 23 62 
44 30 63 65 2 46 55 62 62 93 
28 53 97 99 95 60 98 31 39 85 
12 70 54 41 15 98 54 71 15 12 
37 49 2 44 7 96 98 88 10 43 
95 29 8 36 90 7 83 98 50 8 
33 29 8 8 19 74 57 48 31 91 
61 67 73 87 21 91 31 97 94 5 
41 40 100 92 77 19 99 47 55 8 
62 33 38 100 61 98 35 30 13 44 
57 91 24 37 7 15 58 96 48 37 
25 83 67 98 57 55 7 24 10 70 
91 84 84 46 69 67 58 51 61 71 
66 84 99 53 78 12 94 70 87 45 
21 26 44 18 21 15 50 95 19 55 
25 7 12 98 62 88 2 93 68 36 
54 28 0 23 23 99 56 22 67 